# Created by Octave 4.0.0, Wed Jul 26 15:53:04 2017 CEST <pjcuadra@pjcuadra-SVE14A27CXH>
# name: y
# type: cell
# rows: 1
# columns: 3
# name: <cell-element>
# type: matrix
# rows: 1
# columns: 51
 162 172 182 192 202 212 222 232 242 252 6 16 26 36 46 56 66 76 86 96 106 116 126 136 146 156 166 176 186 196 206 216 226 236 246 0 10 20 30 40 50 60 70 80 90 100 110 120 130 140 150



# name: <cell-element>
# type: matrix
# rows: 1
# columns: 52
 152 10 10 10 10 10 10 10 10 10 10 10 10 10 10 10 10 10 10 10 10 10 10 10 10 10 10 10 10 10 10 10 10 10 10 10 10 10 10 10 10 10 10 10 10 10 10 10 10 10 10 10



# name: <cell-element>
# type: matrix
# rows: 1
# columns: 52
 0 8 20 31 37 41 44 42 47 47 48 44 49 49 49 44 50 50 49 45 50 50 50 49 46 49 50 50 45 50 50 50 45 49 50 50 44 50 50 50 49 45 50 50 50 45 51 50 50 45 50 50





